$ANSIBLE_VAULT;1.1;AES256
38643362663064343630396536613538613231663732336330316537666237336361616232346638
3334663635633035376230613862643464653761343539340a636233643838313964343463373731
34333936353130313831333631633565623837393630396335316262343261383062306565643634
6136623630396365350a353932376638336232356636373362633836613039373430666334346139
38313861333038353961366164646262633334653336663266666131353062643964386331343631
36393038646236316139616161656438396663363433376238376633303163323130316666633266
63353363336331326661366430303437616234323038313665323633646133643935633133653931
64346561323735613335663036333764316564653763383634316230386261376164393633316436
38663864373331363935373766646535383430643537386665386562386239643633343963633937
35653939333763373763323735353631353633326162376161613961383533343239323835376662
34666338613032663334383731353236656537313262643334333739633939363463306365316366
65656339616237356163373634393130363566653537613733393833643236383363303038623039
36633464643861326561396165393061326635316632303336613764326238653030613265363266
38623538356439343138326531326331303365613331313965393832626337306237653839393534
37303339306364323562323633643664323866616232666439386661633833323637633165383435
64633764303835343661
