$ANSIBLE_VAULT;1.1;AES256
32313530313833613665323431336136633636323631333366663232323736343530633062313836
3739323164306337383631636532663031653330633830320a653163353963653761663430303035
64366432356139653234323935303466386531303539393934376566343139613230613862383565
3961613737333737390a353337616330386661383330653934343964666465376262356637386230
63656361343863633039336432343935373961313662313636346437656535323862313965613864
39643133383334393636626234373832333239623738663664343131373531366632323161326333
35313332316164343031303836663238386631396635313934633133393030393338666362613966
33333531643935346238643166313931623733323563356134346431653665363136376665636134
32336239626361333537313264663162323939333861656535373132386362303064636164313630
61346166323332663833633038343766336234646230373234323235306232363137653830653866
37666463633062343864666365323361393331366230333230383163643234396532343965303166
34316536363561343738306563666132383162356331636562646333313737653038373839303232
66373931323435643864613435323162303963313562656266366564383138383762636364366633
64343364366465393939316362376633316264383838623433663938653563386161666266376465
32623130643066366662393137386139656133623433623936663165356538323562623965656435
34353161626337383464336466303539313564363434386631356334666361326636323631386364
39653637663137313362373161363465626464333134633965363930663464303136626531383963
64613134386630326131653537613362353530386136346239383536303931666565633464373365
62613134626565303563323161303336336438306461653837646132626133396634343464323065
30306165323331343335396535663132316534633239636532323032373832393431366331313064
63393132333765656537346239613930333038646161346436656639376238386434653839616236
36663333343539656436303636663937666463366364646638353861363837323339613930323363
64306630336166303364393236626332646332376534373533373436303034363562383163346166
38636531623063393730316335346233626166303630666163623039636631396631663836316665
31643463336661396461623939373639323765366366386235303036653135643962
